max_depth,n_estimators,learning_rate,loss
[19.090546064041575],[63.03126080935057],[0.17197110685216474],0.02630871624244338
[18.24972916071293],[67.68247599989779],[0.31037600878533317],0.03145905760786312
[18.780837825040653],[50.01746305355183],[0.11381056696717652],0.034758803165780824
[18.800138396559746],[54.453138046064055],[0.5015020365607494],0.043962428160016664
[11.570437796613849],[65.97990487232278],[0.5313540347564154],0.04420511941454508
[16.630465682418233],[57.76857113260423],[0.36543270260218985],0.0509368005502806
[17.489480484724396],[50.46154734996175],[0.07836082746486815],0.058449955856698176
[15.915886147659874],[48.45467814839912],[0.9335393188593554],0.06901454313613686
[7.57807342094841],[66.55781947608133],[0.6020666067370066],0.06983681759867913
[15.509321669320489],[72.99650938394677],[0.8729354091785827],0.12662381644910395
